11   2  1.832801  1.515846  1.770225  
12   2  2.549511  1.023893  1.300816  
13   2  2.219370  0.110502  1.047508  
14   2  1.589897  0.143160  0.287451  
15   2  0.823465  0.155283  -0.366167  
16   2  0.404109  1.043624  -0.463646  
17   2  0.651589  1.919732  -0.926292  
18   2  -0.193896  1.403525  -0.833596  
19   2  -0.917621  0.781471  -0.526158  
20   2  -0.988291  -0.177005  -0.771162  
21   2  -1.469133  -0.879990  -1.284280  
22   2  -0.757959  -0.474485  -0.708007  
23   2  -1.273594  0.361026  -0.441700  
24   2  -0.679490  0.133237  0.349809  
25   2  -1.261241  -0.687401  0.437570  
26   2  -0.844202  -1.551188  0.146312  
27   2  -0.092086  -0.923653  0.004910  
28   2  -1.053485  -0.792119  -0.227796  
29   2  -0.563521  -1.554633  0.190295  
30   2  0.023779  -1.550826  1.013907  
